78,9
108,9
113,9
131,9
133,9
189,9
261,9
267,9
298,17
299,17
300,17
302,17
303,17
306,17
307,17
309,17
311,17
321,9
340,9
358,9
390,9
428,9
452,17
512,9
557,9
558,9
583,9
584,9
592,17
593,17
595,17
596,17
598,17
609,17
610,17
611,17
615,17
616,17
655,9
659,17
662,17
663,17
730,9
750,9
847,9
851,9
946,9
948,17
949,17
953,9
953,17
954,17
958,9
1024,17
1025,17
1027,17
1029,17
1030,17
1050,17
1051,17
1053,17
1075,9
1087,9
1109,17
1112,17
1115,17
1127,17
1128,17
1129,17
1130,17
1131,17
1132,17
1142,9
1166,9
1251,17
1252,17
1254,17
1256,17
1258,17
1394,9
1430,9
1432,9
1538,17
1540,17
1555,9
1562,17
1565,17
1568,17
1569,17
1650,17
1662,17
1663,9
1663,17
1665,17
1669,17
1712,9
1713,9
1749,9
1769,17
1770,17
1773,17
1811,9
1946,9
1852,9
1855,9
1927,9
1998,9
2076,17
2075,17
2077,17
2080,17
2082,17
2085,17
2086,17
2090,17
2092,17
2093,17
2094,17
2095,17
2098,17
2099,17
2100,4
2101,4
2102,4
2104,4
2105,4
2107,4
2108,4
2109,4
2113,4
2115,4
2116,4
2116,9
2117,4
2122,4
2124,4
2154,9
2171,9
2220,17
2222,17
2240,9
2246,9
2256,2
2256,10
2258,2
2258,10
2259,2
2259,10
2260,2
2260,10
2261,2
2261,10
2262,2
2262,10
2263,2
2263,10
2266,2
2266,10
2267,2
2267,10
2269,2
2269,10
2271,2
2271,10
2273,2
2273,10
2284,9
2290,9
2292,9
2315,9
2353,9
2357,9
2425,9
2438,9
2455,2
2455,10
2457,2
2457,10
2457,17
2458,2
2458,9
2458,10
2458,17
2459,2
2459,10
2460,2
2460,10
2460,17
2461,2
2461,10
2461,17
2463,2
2463,10
2464,2
2464,10
2466,2
2466,10
2470,2
2470,10
2471,2
2471,10
2473,2
2473,10
2473,17
2475,2
2475,10
2475,17
2478,2
2478,10
2478,17
2479,2
2479,10
2479,17
2481,2
2481,10
2481,17
2482,2
2482,10
2482,17
2483,2
2483,10
2483,17
2484,2
2484,10
2484,17
2486,2
2486,10
2486,17
2491,2
2491,10
2491,17
2493,2
2493,9
2493,10
2493,17
2496,2
2496,10
2496,17
2498,2
2498,10
2498,17
2500,2
2500,10
2500,17
2501,2
2501,10
2501,17
2502,2
2502,10
2502,17
2503,2
2503,9
2503,10
2503,17
2505,4
2505,17
2506,4
2506,17
2508,4
2508,17
2513,4
2513,9
2516,4
2517,4
2518,4
2519,4
2521,4
2523,4
2523,17
2524,4
2524,17
2525,4
2525,17
2529,4
2529,17
2530,17
2531,17
2532,17
2534,17
2547,17
2548,17
2551,17
2552,17
2554,17
2574,9
2574,17
2578,17
2579,17
2580,10
2610,8
2612,8
2613,8
2615,8
2617,8
2620,8
2621,8
2623,8
2624,8
2625,8
2626,8
2629,8
2630,8
2632,8
2658,8
2659,8
2661,8
2665,8
2667,8
2671,8
2672,8
2674,8
2677,8
2682,8
2684,8
2685,8
2694,17
2695,17
2708,17
2710,17
2712,17
2715,17
2820,8
2822,8
2823,8
2824,8
2826,8
2827,8
2834,8
2834,17
2835,8
2835,17
2836,8
2836,17
2837,8
2837,17
2839,8
2839,17
2841,8
2844,8
2846,8
2847,8
2848,8
2849,8
2850,8
2853,8
2856,8
2857,8
2858,8
2860,8
2861,8
2863,8
2864,8
3105,17
3119,17
3123,17
3418,7
3437,7
3462,7
3466,9
3527,7
3624,7
3691,17
3694,17
3695,17
3696,17
3697,17
3741,17
8008,17
3759,17
3760,17
3763,17
3766,17
3770,7
3770,17
3771,7
3771,17
3778,17
3781,17
3782,17
3785,17
3786,17
3787,17
3788,17
3789,17
3790,17
3792,17
3795,17
3816,7
3962,9
4002,9
4005,9
4014,9
4062,7
4071,7
4146,17
4148,17
4149,17
4150,17
4157,17
4159,17
4160,17
4161,17
4175,17
4178,17
4182,17
4186,17
4212,9
4213,7
4248,17
4249,17
4251,17
4255,17
4258,17
4259,17
4388,7
4471,7
4501,10
4502,10
4503,10
4504,10
4505,10
4506,10
4506,17
4507,10
4507,17
4510,2
4510,10
4511,2
4511,10
4512,2
4512,10
4513,2
4513,10
4517,2
4517,10
4519,2
4519,10
4521,2
4521,10
4522,2
4522,7
4522,10
4522,17
4524,2
4524,10
4527,10
4529,10
4531,10
4531,17
4533,2
4533,10
4535,2
4535,7
4535,10
4537,2
4537,10
4538,2
4538,10
4540,2
4540,10
4543,2
4543,10
4546,2
4546,10
4547,2
4547,10
4550,2
4550,10
4551,10
4554,10
4554,17
4555,10
4555,17
4556,10
4556,17
4560,2
4560,10
4562,2
4562,10
4567,2
4567,10
4569,2
4569,10
4569,17
4570,2
4570,10
4570,17
4571,2
4571,10
4571,17
4574,2
4574,10
4574,17
4575,2
4575,10
4575,17
4597,17
4601,17
4602,17
4604,17
4607,17
4608,17
4612,17
4614,17
4620,17
4621,17
4627,17
4628,17
4631,17
4632,17
4643,17
4645,17
4647,17
4648,17
4651,17
4652,17
4654,17
4670,17
4671,17
4674,17
4686,7
4693,17
4701,17
4702,17
4703,17
4705,17
4718,17
4720,17
4722,17
4723,17
4725,7
4725,17
4731,17
4743,17
4744,17
4746,17
4747,17
4748,17
4749,17
4752,17
4753,17
4754,17
4755,17
4756,17
4770,17
4771,17
4772,17
4774,17
4777,17
4779,17
4782,17
4794,17
4795,17
4796,17
4798,17
4799,17
4818,17
4852,7
4852,17
4853,17
4855,17
4856,17
4858,17
4859,17
4862,17
4863,17
4864,17
4865,17
4868,17
4870,17
4871,17
4872,17
4873,17
4876,10
4877,10
4878,10
4967,9
4997,9
5002,9
5031,9
5118,7
5275,7
5290,7
5293,7
5311,5
5312,5
5313,5
5314,5
5318,5
5320,5
5321,5
5322,5
5323,5
5324,5
5325,5
5328,5
5330,5
5353,7
5423,7
5425,17
5427,17
5428,17
5430,17
5495,7
5563,7
5622,7
5644,7
5754,17
5755,17
5757,17
5758,17
5759,17
5771,9
5779,9
5805,7
5860,10
5860,17
5862,10
5862,17
5863,10
5863,17
5866,10
5866,17
5867,2
5867,10
5868,2
5868,10
5869,2
5869,10
5870,2
5870,10
5871,2
5871,10
5874,2
5874,10
5876,2
5876,10
5877,2
5877,10
5878,2
5878,10
5881,2
5881,10
5881,17
5883,2
5883,10
5884,2
5884,10
5885,10
5888,10
5891,10
5892,2
5892,10
5893,2
5893,10
5896,2
5896,10
5899,2
5899,10
5900,2
5900,10
5902,2
5902,10
5903,2
5903,10
5905,2
5905,10
5906,2
5906,10
5906,17
5907,2
5907,10
5985,17
5987,17
5989,17
5990,17
5991,17
5998,17
5999,17
6001,17
6003,17
6004,17
6008,17
6027,9
6033,9
6065,17
6066,17
6067,17
6069,17
6070,17
6071,17
6072,17
6073,17
6074,17
6075,17
6076,17
6077,17
6078,17
6079,17
6090,17
6091,17
6092,17
6093,17
6095,17
6096,17
6103,17
6104,17
6110,17
6114,17
6132,17
6133,17
6134,17
6136,17
6139,17
6157,17
6161,17
6182,17
6185,17
6188,17
6209,7
6209,17
6234,17
6235,17
6236,17
6240,17
6241,17
6244,17
6246,17
6258,17
6260,17
6261,17
6262,17
6264,17
6274,7
6282,17
6284,17
6285,17
6286,17
6289,17
6324,9
6330,9
6333,7
6333,17
6335,17
6336,7
6336,17
6338,17
6340,17
6341,17
6343,17
6344,17
6358,17
6360,17
6363,17
6365,17
6387,17
6389,17
6390,17
6391,17
6392,17
6411,17
6412,17
6416,17
6438,17
6439,17
6441,17
6461,17
6467,17
6468,17
6486,17
6512,17
6513,17
6516,17
6521,7
6543,9
6586,17
6589,17
6590,17
6592,17
6661,17
6663,17
6664,17
6665,17
6666,17
6668,17
6670,10
6671,10
6691,9
6779,9
6906,9
6918,9
6983,4
6985,4
6990,4
6999,4
7000,4
7002,4
7007,4
7010,7
7015,7
7042,9
7073,7
7119,9
7148,7
7195,7
7222,9
7511,5
7268,9
7285,9
7340,7
7341,9
7351,7
7369,9
7388,7
7407,9
7415,9
7461,9
7478,9
7496,5
7497,5
7498,5
7499,5
7502,5
7503,5
7505,5
7505,9
7514,5
7516,5
7518,5
7525,9
7542,9
7568,7
7591,9
7606,7
8019,17
7668,7
7699,17
7700,17
7712,7
7732,9
7840,9
7883,9
7884,9
7913,7
7892,9
7897,7
7905,7
7908,7
7919,9
8003,17
8010,7
8010,17
8011,17
8013,17
8018,17
8021,17
8023,17
8024,17
8026,17
8027,17
8051,7
8139,9
8146,9
8329,9
8333,9
8335,9
8403,9
8425,7
8425,9
8452,9
8560,7
8506,9
8573,7
8576,9
8582,9
8672,9
8687,9
8699,9
8703,7
8716,9
8737,9
8811,9
8844,9
9024,9
9035,9
9095,9
9123,9
9146,7
9194,9
9284,9
9328,9
9338,9
9341,9
9393,7
9408,9
9411,9
9423,9
9424,9
9457,7
9505,7
9525,7
9545,7
9576,7
9681,9
9707,9
9789,9
9838,7
9865,9
9887,7
9890,7
9902,10
9903,10
9905,10
9905,17
9906,10
9907,2
9907,10
9909,2
9909,10
9910,2
9910,10
9911,2
9911,10
9912,2
9912,10
9914,2
9914,10
9915,2
9915,10
9916,2
9916,10
9923,2
9923,10
9923,17
9924,2
9924,10
9924,17
9995,7
2,17
3,17
5,17
6,17
7,17
152,9
185,9
188,9
262,17
287,9
295,17
296,17
297,17
301,17
304,17
305,17
308,17
310,17
360,9
451,17
455,9
460,9
509,17
521,9
545,9
586,9
588,9
590,9
594,17
597,17
612,17
613,17
614,17
623,9
629,9
641,9
660,17
661,17
664,17
665,17
666,17
707,9
718,9
721,9
758,9
818,9
823,9
884,9
886,9
890,9
895,9
908,9
950,17
951,17
952,17
955,17
969,9
1023,17
1026,17
1028,17
1048,17
1049,17
1052,17
1054,17
1055,17
1108,9
1110,17
1111,17
1113,17
1114,17
1119,9
1126,17
1133,17
1154,9
1230,9
1247,9
1253,17
1255,17
1257,17
1301,17
1443,9
1458,9
1463,9
1505,9
1516,9
1517,9
1519,9
1523,9
1537,17
1539,17
1541,17
1542,17
1543,17
1544,17
1563,17
1564,17
1566,17
1567,17
1645,17
1646,17
1647,17
1648,17
1649,17
1651,17
1664,17
1666,17
1667,17
1668,17
1736,9
1767,17
1768,17
1771,17
1772,17
1774,17
1797,9
1867,9
1870,9
1871,9
1880,9
1891,9
1930,9
2017,17
2018,17
2019,17
2020,17
2021,17
2022,17
2023,17
2024,17
2078,17
2079,17
2081,17
2083,17
2084,17
2087,17
2088,17
2089,17
2091,17
2096,17
2097,17
2103,4
2106,4
2110,4
2112,4
2114,4
2118,4
2119,4
2120,4
2121,4
2123,4
2163,9
2170,9
2217,17
2218,17
2219,17
2221,17
2223,17
2224,17
2234,9
2250,2
2250,10
2251,2
2251,10
2252,2
2252,10
2253,2
2253,10
2254,2
2254,10
2255,2
2255,10
2255,17
2257,2
2257,10
2264,2
2264,10
2265,2
2265,10
2268,2
2268,10
2270,2
2270,10
2272,2
2272,10
2274,2
2274,10
2282,9
2286,9
2308,9
2365,9
2456,2
2456,10
2462,2
2462,10
2465,2
2465,10
2467,2
2467,10
2468,2
2468,10
2469,2
2469,10
2472,2
2472,10
2472,17
2474,2
2474,10
2474,17
2476,2
2476,10
2476,17
2477,2
2477,10
2477,17
2480,2
2480,10
2480,17
2485,2
2485,9
2485,10
2485,17
2487,2
2487,10
2487,17
2488,2
2488,10
2488,17
2489,2
2489,10
2489,17
2490,2
2490,10
2490,17
2492,2
2492,10
2492,17
2494,2
2494,10
2494,17
2495,2
2495,10
2495,17
2497,2
2497,10
2497,17
2499,2
2499,10
2499,17
2504,2
2504,10
2504,17
2507,4
2507,17
2509,4
2509,17
2510,4
2510,17
2511,4
2511,17
2512,4
2514,4
2515,4
2520,4
2522,4
2522,17
2526,4
2526,17
2527,4
2527,17
2528,4
2528,17
2533,17
2535,17
2536,17
2549,17
2550,17
2553,17
2572,17
2573,17
2575,17
2576,17
2577,17
2581,10
2582,10
2608,8
2609,8
2611,8
2614,8
2616,8
2618,8
2619,8
2622,8
2627,8
2628,8
2631,8
2660,8
2662,8
2663,8
2664,8
2666,8
2668,8
2669,8
2670,8
2673,8
2675,8
2676,8
2678,8
2679,8
2680,8
2681,8
2683,8
2693,17
2696,17
2697,17
2709,17
2711,17
2713,17
2714,17
2808,17
2816,8
2817,8
2818,8
2819,8
2821,8
2825,8
2828,8
2829,8
2830,8
2831,8
2832,8
2833,8
2833,17
2838,8
2838,17
2840,8
2840,17
2842,8
2843,8
2845,8
2851,8
2852,8
2854,8
2855,8
2859,8
2862,8
2865,8
2883,17
3062,17
3100,17
3101,17
3102,17
3103,17
3104,17
3106,17
3107,17
3118,17
3120,17
3121,17
3122,17
3414,7
3457,7
3471,7
3518,9
3573,7
3576,7
3692,17
3693,17
3742,17
3743,17
3744,17
3745,17
3746,17
3747,17
3758,17
3761,17
3762,17
3764,17
3765,17
3767,17
3768,17
3769,17
3772,17
3774,7
3777,17
3779,17
3780,17
3783,17
3784,17
3791,17
3793,17
3794,17
3796,17
3797,17
3851,7
3858,17
3875,7
3886,7
3900,7
3951,7
3956,9
3958,9
4011,9
4015,9
4112,7
4145,17
4147,17
4151,17
4152,17
4153,17
4154,17
4155,17
4156,17
4158,17
4170,17
4171,17
4172,17
4173,17
4174,7
4174,17
4176,17
4177,17
4179,17
4180,17
4181,17
4183,17
4184,17
4185,17
4209,7
4209,9
4245,17
4246,17
4247,17
4250,17
4252,17
4253,17
4254,17
4256,17
4257,17
4260,17
4261,17
4294,9
4405,7
4457,7
4492,17
4494,7
4508,2
4508,10
4508,17
4509,2
4509,10
4514,2
4514,10
4515,2
4515,10
4516,2
4516,10
4518,2
4518,10
4520,2
4520,7
4520,10
4523,2
4523,10
4525,2
4525,10
4526,10
4528,10
4530,10
4532,10
4534,2
4534,10
4536,2
4536,10
4539,2
4539,10
4541,2
4541,10
4542,2
4542,10
4544,2
4544,7
4544,10
4545,2
4545,10
4548,2
4548,10
4549,2
4549,10
4552,10
4553,10
4553,17
4557,2
4557,10
4557,17
4558,2
4558,10
4559,2
4559,10
4561,2
4561,10
4563,2
4563,10
4564,2
4564,10
4565,2
4565,10
4566,2
4566,10
4568,2
4568,10
4568,17
4572,2
4572,10
4572,17
4573,2
4573,10
4573,17
4582,7
4582,17
4593,17
4594,17
4595,17
4596,17
4598,17
4599,17
4600,17
4603,17
4605,17
4606,17
4609,17
4610,17
4611,17
4613,17
4615,17
4616,17
4617,17
4618,17
4619,17
4622,17
4623,7
4623,17
4624,17
4625,17
4626,17
4629,17
4630,17
4644,17
4646,17
4649,17
4650,17
4653,17
4655,17
4656,17
4657,17
4668,17
4669,17
4672,17
4673,17
4675,17
4704,17
4706,17
4707,17
4719,17
4721,17
4724,17
4726,17
4727,17
4728,17
4729,17
4730,17
4732,17
4745,17
4750,17
4751,17
4757,17
4768,17
4769,17
4866,17
4773,17
4775,17
4776,17
4778,17
4780,17
4781,17
4793,17
4867,17
4797,17
4800,17
4851,17
4854,17
4857,17
4860,17
4861,17
4869,7
4869,17
4874,17
4875,17
4889,9
4944,9
4968,9
4976,9
4978,9
5021,9
5037,7
5217,9
5227,7
5307,5
5308,5
5309,5
5310,5
5315,5
5316,5
5317,5
5317,9
5319,5
5319,9
5326,5
5327,5
5329,5
5331,5
5397,7
5408,7
5424,17
5426,17
5429,17
5431,17
5677,7
5752,17
5753,17
5756,17
5763,7
5861,10
5861,17
5864,10
5864,17
5865,10
5865,17
5872,2
5872,10
5873,2
5873,10
5875,2
5875,10
5879,2
5879,10
5880,2
5880,10
5882,2
5882,10
5886,10
5887,10
5889,10
5890,10
5894,2
5894,10
5895,2
5895,10
5897,2
5897,10
5898,2
5898,10
5901,2
5901,10
5904,2
5904,10
5908,2
5908,10
5909,2
5909,10
5986,17
5988,17
5992,17
5993,17
5994,17
5995,17
5996,17
5997,17
6000,17
6002,17
6005,17
6006,17
6007,17
6009,17
6068,17
6080,17
6081,17
6084,9
6094,17
6097,17
6098,17
6099,17
6100,17
6101,17
6102,17
6105,17
6106,17
6107,17
6108,17
6109,17
6111,17
6112,17
6113,17
6135,17
6137,17
6138,17
6158,17
6159,17
6160,17
6162,17
6163,17
6164,17
6183,17
6184,17
6186,17
6187,17
6189,17
6207,17
6208,17
6210,17
6211,17
6212,17
6213,17
6214,17
6232,17
6233,17
6237,17
6238,17
6239,17
6242,17
6243,17
6245,17
6257,17
6259,17
6263,17
6283,17
6287,17
6288,17
6332,17
6334,17
6337,17
6339,17
6342,17
6345,17
6346,17
6347,17
6359,17
6361,7
6361,17
6362,17
6364,17
6386,17
6388,17
6393,17
6413,17
6414,17
6415,17
6417,17
6418,17
6436,17
6437,17
6440,17
6442,17
6443,17
6462,17
6463,17
6464,17
6465,17
6466,17
6511,17
6514,17
6515,17
6517,17
6518,17
6536,17
6561,17
6587,17
6588,17
6591,17
6593,17
6636,17
6638,7
6662,17
6667,17
6669,10
6709,9
6758,9
6781,9
6794,9
6802,9
6913,9
6926,7
6931,7
6984,4
6984,9
6986,4
6987,4
6988,4
6988,7
6989,4
6992,4
6992,9
6993,4
6996,4
6998,4
6998,9
7001,4
7003,4
7004,4
7005,4
7006,4
7039,7
7043,7
7053,9
7068,7
7107,9
7111,7
7111,9
7116,9
7129,9
7156,9
7193,9
7196,9
7204,9
7243,9
7250,7
7250,9
7271,9
7325,9
7338,9
7344,7
7368,7
7368,9
7436,9
7438,9
7440,9
7441,9
7464,9
7477,7
7500,5
7500,9
7501,5
7504,5
7506,5
7507,5
7508,5
7509,5
7509,9
7510,5
7510,9
7512,5
7512,9
7513,5
7515,5
7517,5
7519,5
7520,5
7588,9
7731,9
7821,9
7824,9
7863,9
7887,9
8020,17
7927,7
7932,7
7938,7
7941,7
7975,7
7997,17
7998,17
7999,17
8000,17
8001,17
8002,17
8004,17
8005,17
8006,17
8007,17
8009,17
8012,17
8014,17
8015,17
8016,17
8017,17
8022,17
8025,17
8028,17
8124,7
8196,9
8210,7
8252,9
8288,9
8304,9
8316,7
8330,9
8347,9
8355,7
8379,9
8398,9
8418,9
8426,9
8428,9
8495,9
8557,9
8658,7
8669,9
8732,9
8736,9
8761,7
8764,7
8872,9
8977,9
8992,9
8993,9
9018,9
9030,9
9046,9
9091,7
9098,9
9099,9
9114,9
9188,7
9210,9
9224,7
9241,7
9454,9
9524,7
9592,7
9684,9
9689,9
9714,9
9747,7
9852,9
9859,9
9861,9
9900,10
9901,10
9904,10
9908,2
9908,10
9913,2
9913,10
9917,2
9917,10
9917,17
9918,2
9918,10
9918,17
9919,2
9919,10
9919,17
9920,2
9920,10
9920,17
9921,2
9921,10
9921,17
9922,2
9922,10
9922,17
