16,6
16,9
59,9
60,9
62,9
63,9
191,6
191,9
192,6
192,9
194,6
194,9
195,6
195,9
215,9
216,9
218,9
219,9
268,6
268,9
269,6
269,9
271,6
271,9
272,6
272,9
358,6
358,9
383,6
383,9
408,6
408,9
475,6
475,9
559,9
560,9
562,9
563,9
591,6
591,9
613,6
613,9
616,6
616,9
633,6
633,9
682,6
682,9
804,9
805,9
807,9
808,9
853,6
853,9
854,6
854,9
856,6
856,9
857,6
857,9
1055,9
1056,9
1058,9
1059,9
1127,6
1128,6
1130,6
1131,6
1155,9
1156,9
1158,9
1159,9
1248,9
1249,9
1251,9
1252,9
1274,6
1275,6
1277,6
1278,6
1321,9
1322,9
1324,9
1325,9
1393,6
1394,6
1396,6
1397,6
1399,6
1399,9
1417,6
1417,9
1418,6
1418,9
1420,6
1420,9
1421,6
1421,9
1491,6
1491,9
1492,6
1492,9
1494,6
1494,9
1495,6
1495,9
1607,9
1608,9
1610,9
1611,9
1633,6
1634,6
1636,6
1637,6
1703,9
1704,9
1706,9
1707,9
1755,6
1755,9
1756,6
1756,9
1758,6
1758,9
1759,6
1759,9
1886,6
1887,6
1889,6
1890,6
1913,6
1914,6
1916,6
1917,6
1959,6
1959,9
2046,3
2047,3
2048,3
2049,3
2050,3
2051,3
2052,3
2053,3
2054,3
2055,3
2056,3
2057,3
2058,3
2059,3
2060,3
2060,6
2060,9
2061,3
2061,6
2061,9
2062,3
2063,3
2063,6
2063,9
2064,3
2064,6
2064,9
2065,3
2066,3
2067,3
2068,3
2069,3
2070,3
2085,9
2086,9
2088,9
2089,9
2134,6
2134,9
2135,6
2135,9
2137,6
2137,9
2138,6
2138,9
2241,9
2242,9
2244,9
2245,9
2318,6
2319,6
2321,6
2322,6
2346,6
2346,9
2583,6
2583,9
2625,9
2626,9
2628,9
2629,9
2758,6
2758,9
2759,6
2759,9
2761,6
2761,9
2762,6
2762,9
2785,9
2786,9
2788,9
2789,9
2837,6
2837,9
2838,6
2838,9
2840,6
2840,9
2841,6
2841,9
2933,6
2933,9
2957,6
2957,9
2962,6
2962,9
2982,6
2982,9
3050,6
3050,9
3136,9
3137,9
3139,9
3140,9
3167,6
3167,9
3189,6
3189,9
3193,6
3193,9
3210,6
3210,9
3257,6
3257,9
3260,6
3260,9
3367,9
3368,9
3370,9
3371,9
3414,6
3414,9
3415,6
3415,9
3417,6
3417,9
3418,6
3418,9
3611,9
3612,9
3614,9
3615,9
3685,6
3686,6
3688,6
3689,6
3712,9
3713,9
3715,9
3716,9
3801,9
3802,9
3804,9
3805,9
3828,6
3829,6
3831,6
3832,6
3873,9
3874,9
3876,9
3877,9
3906,9
3946,6
3947,6
3949,6
3950,6
3952,6
3952,9
3956,6
3956,9
3972,6
3972,9
3973,6
3973,9
3975,6
3975,9
3976,6
3976,9
4042,6
4042,9
4043,6
4043,9
4045,6
4045,9
4046,6
4046,9
4162,9
4163,9
4165,9
4166,9
4187,6
4188,6
4190,6
4191,6
4261,9
4262,9
4264,9
4265,9
4442,6
4443,6
4445,6
4446,6
4466,6
4467,6
4469,6
4470,6
4513,6
4513,9
4601,3
4602,3
4603,3
4604,3
4605,3
4606,3
4607,3
4608,3
4609,3
4610,3
4611,3
4612,3
4613,3
4614,3
4615,3
4615,6
4615,9
4616,3
4616,6
4616,9
4617,3
4618,3
4618,6
4618,9
4619,3
4619,6
4619,9
4620,3
4621,3
4622,3
4623,3
4638,9
4639,9
4641,9
4642,9
4687,6
4687,9
4688,6
4688,9
4690,6
4690,9
4691,6
4691,9
4796,9
4797,9
4799,9
4800,9
4871,6
4872,6
4874,6
4875,6
4899,6
4899,9
5140,6
5140,9
5183,9
5184,9
5186,9
5187,9
5310,6
5310,9
5311,6
5311,9
5313,6
5313,9
5314,6
5314,9
5333,9
5334,9
5336,9
5337,9
5385,6
5385,9
5386,6
5386,9
5388,6
5388,9
5389,6
5389,9
5432,6
5432,9
5477,6
5477,9
5501,6
5501,9
5524,6
5524,9
5591,6
5591,9
5595,6
5595,9
5651,9
5652,9
5654,9
5655,9
5678,6
5678,9
5682,6
5682,9
5700,6
5700,9
5745,6
5745,9
5763,9
5764,9
5766,9
5767,9
5809,6
5809,9
5810,6
5810,9
5812,6
5812,9
5813,6
5813,9
5982,9
5983,9
5985,9
5986,9
6053,6
6054,6
6056,6
6057,6
6079,9
6080,9
6082,9
6083,9
6128,9
6129,9
6131,9
6132,9
6152,6
6153,6
6155,6
6156,6
6200,9
6201,9
6203,9
6204,9
6250,6
6251,6
6253,6
6254,6
6256,6
6256,9
6276,6
6276,9
6277,6
6277,9
6279,6
6279,9
6280,6
6280,9
6348,6
6348,9
6349,6
6349,9
6351,6
6351,9
6352,6
6352,9
6373,6
6374,6
6376,6
6377,6
6462,9
6463,9
6465,9
6466,9
6489,6
6490,6
6492,6
6493,6
6539,9
6540,9
6542,9
6543,9
6674,6
6675,6
6677,6
6678,6
6793,3
6794,3
6795,3
6796,3
6797,3
6798,3
6799,3
6800,3
6801,3
6802,3
6803,3
6804,3
6805,3
6806,3
6807,3
6807,6
6807,9
6808,3
6808,6
6808,9
6809,3
6810,3
6810,6
6810,9
6811,3
6811,6
6811,9
6812,3
6813,3
6814,3
6815,3
6816,3
6817,3
6818,3
6832,9
6833,9
6835,9
6836,9
6883,6
6883,9
6884,6
6884,9
6886,6
6886,9
6887,6
6887,9
6988,9
6989,9
6991,9
6992,9
7067,6
7068,6
7070,6
7071,6
7095,6
7095,9
7246,6
7247,6
7249,6
7250,6
7340,6
7340,9
7380,9
7381,9
7383,9
7384,9
7505,6
7505,9
7506,6
7506,9
7508,6
7508,9
7509,6
7509,9
7530,9
7531,9
7533,9
7534,9
7580,6
7580,9
7581,6
7581,9
7583,6
7583,9
7584,6
7584,9
7666,6
7666,9
7689,6
7689,9
7712,6
7712,9
7750,9
7751,9
7753,9
7754,9
7856,9
7857,9
7859,9
7860,9
7887,6
7887,9
7891,6
7891,9
7911,6
7911,9
7959,6
7959,9
8090,9
8091,9
8093,9
8094,9
8137,6
8137,9
8138,6
8138,9
8140,6
8140,9
8141,6
8141,9
8337,9
8338,9
8340,9
8341,9
8413,6
8414,6
8416,6
8417,6
8441,9
8442,9
8444,9
8445,9
8535,9
8536,9
8538,9
8539,9
8563,6
8564,6
8566,6
8567,6
8610,9
8611,9
8613,9
8614,9
8642,9
8680,6
8681,6
8683,6
8684,6
8686,6
8686,9
8706,6
8706,9
8707,6
8707,9
8709,6
8709,9
8710,6
8710,9
8774,6
8774,9
8775,6
8775,9
8777,6
8777,9
8778,6
8778,9
8901,9
8902,9
8904,9
8905,9
8928,6
8929,6
8931,6
8932,6
9000,9
9001,9
9003,9
9004,9
9178,6
9179,6
9181,6
9182,6
9205,6
9206,6
9208,6
9209,6
9250,6
9250,9
9340,3
9341,3
9342,3
9343,3
9344,3
9345,3
9346,3
9347,3
9348,3
9349,3
9350,3
9351,3
9352,3
9353,3
9354,3
9354,6
9354,9
9355,3
9355,6
9355,9
9356,3
9357,3
9357,6
9357,9
9358,3
9358,6
9358,9
9359,3
9360,3
9361,3
9362,3
9363,3
9364,3
9365,3
9366,3
9381,9
9382,9
9384,9
9385,9
9432,6
9432,9
9433,6
9433,9
9435,6
9435,9
9436,6
9436,9
9538,9
9539,9
9541,9
9542,9
9591,6
9592,6
9594,6
9595,6
9621,6
9621,9
9626,6
9626,9
9727,6
9728,6
9730,6
9731,6
9823,6
9823,9
9863,9
9864,9
9866,9
9867,9
9997,6
9997,9
9998,6
9998,9
10000,6
10000,9
10001,6
10001,9
10021,9
10022,9
10024,9
10025,9
10070,6
10071,6
10073,6
10074,6
10162,6
10162,9
10165,6
10165,9
10186,6
10186,9
10211,6
10211,9
10280,6
10280,9
10373,9
10374,9
10376,9
10377,9
10404,6
10404,9
10407,6
10407,9
10426,6
10426,9
10431,6
10431,9
10448,6
10448,9
10497,6
10497,9
10624,9
10625,9
10627,9
10628,9
10671,6
10671,9
10672,6
10672,9
10674,6
10674,9
10675,6
10675,9
10871,9
10872,9
10874,9
10875,9
10942,6
10943,6
10945,6
10946,6
10967,9
10968,9
10970,9
10971,9
11062,9
11063,9
11065,9
11066,9
11088,6
11089,6
11091,6
11092,6
11134,9
11135,9
11137,9
11138,9
11182,6
11183,6
11185,6
11186,6
11188,6
11188,9
11208,6
11208,9
11209,6
11209,9
11211,6
11211,9
11212,6
11212,9
11278,6
11278,9
11279,6
11279,9
11281,6
11281,9
11282,6
11282,9
11396,9
11397,9
11399,9
11400,9
11423,6
11424,6
11426,6
11427,6
11494,9
11495,9
11497,9
11498,9
11680,6
11681,6
11683,6
11684,6
11705,6
11706,6
11708,6
11709,6
11749,6
11749,9
11834,3
11835,3
11836,3
11837,3
11838,3
11839,3
11840,3
11841,3
11842,3
11843,3
11844,3
11845,3
11846,3
11847,3
11848,3
11848,6
11848,9
11849,3
11849,6
11849,9
11850,3
11851,3
11851,6
11851,9
11852,3
11852,6
11852,9
11853,3
11854,3
11855,3
11856,3
11857,3
11858,3
11873,9
11874,9
11876,9
11877,9
11922,6
11922,9
11923,6
11923,9
11925,6
11925,9
11926,6
11926,9
12026,9
12027,9
12029,9
12030,9
12103,6
12104,6
12106,6
12107,6
12133,6
12133,9
12387,6
12387,9
12390,6
12390,9
12430,9
12431,9
12433,9
12434,9
12455,6
12456,6
12458,6
12459,6
12481,6
12481,9
12482,6
12482,9
12484,6
12484,9
12485,6
12485,9
12619,6
12619,9
12620,6
12620,9
12622,6
12622,9
12623,6
12623,9
12644,9
12645,9
12647,9
12648,9
12763,9
12764,9
12766,9
12767,9
12789,6
12789,9
12790,6
12790,9
12792,6
12792,9
12793,6
12793,9
12814,6
12815,6
12817,6
12818,6
12933,6
12933,9
12937,6
12937,9
12980,6
12980,9
12984,6
12984,9
13005,6
13005,9
13022,9
13023,9
13025,9
13026,9
13096,9
13097,9
13099,9
13100,9
13150,6
13150,9
13153,6
13153,9
13288,9
13289,9
13291,9
13292,9
13320,6
13320,9
13342,6
13342,9
13345,6
13345,9
13361,6
13361,9
13362,6
13362,9
13364,6
13364,9
13365,6
13365,9
13388,6
13388,9
13392,6
13392,9
13437,6
13437,9
13512,6
13513,6
13515,6
13516,6
13615,9
13616,9
13618,9
13619,9
13643,6
13644,6
13646,6
13647,6
13687,6
13687,9
13688,6
13688,9
13690,6
13690,9
13691,6
13691,9
13736,6
13737,6
13739,6
13740,6
13782,6
13782,9
13972,9
13973,9
13975,9
13976,9
14024,3
14025,3
14026,3
14027,3
14028,3
14029,3
14030,3
14031,3
14032,3
14033,3
14034,3
14035,3
14036,3
14037,3
14038,3
14038,6
14038,9
14039,3
14039,6
14039,9
14040,3
14041,3
14041,6
14041,9
14042,3
14042,6
14042,9
14043,3
14044,3
14045,3
14046,3
14047,3
14048,3
14049,3
14091,9
14092,9
14094,9
14095,9
14138,6
14139,6
14141,6
14142,6
14163,6
14163,9
14164,6
14164,9
14166,6
14166,9
14167,6
14167,9
14190,6
14191,6
14193,6
14194,6
14242,9
14243,9
14245,9
14246,9
14292,6
14293,6
14295,6
14296,6
14385,9
14386,9
14388,9
14389,9
14464,6
14465,6
14467,6
14468,6
14495,6
14495,9
14513,6
14514,6
14516,6
14517,6
14690,9
14691,9
14693,9
14694,9
14765,9
14803,6
14804,6
14806,6
14807,6
14809,6
14809,9
14877,6
14877,9
14920,9
14921,9
14923,9
14924,9
15053,6
15053,9
15054,6
15054,9
15056,6
15056,9
15057,6
15057,9
15079,9
15080,9
15082,9
15083,9
15134,6
15134,9
15135,6
15135,9
15137,6
15137,9
15138,6
15138,9
15223,6
15223,9
15245,6
15245,9
15269,6
15269,9
15274,6
15274,9
15340,6
15340,9
15432,9
15433,9
15435,9
15436,9
15466,6
15466,9
15486,6
15486,9
15506,6
15506,9
15553,6
15553,9
15671,9
15672,9
15674,9
15675,9
15719,6
15719,9
15720,6
15720,9
15722,6
15722,9
15723,6
15723,9
15765,6
15766,6
15768,6
15769,6
15914,9
15915,9
15917,9
15918,9
15985,6
15986,6
15988,6
15989,6
16013,9
16014,9
16016,9
16017,9
16107,9
16108,9
16110,9
16111,9
16133,6
16134,6
16136,6
16137,6
16179,9
16180,9
16182,9
16183,9
16212,6
16212,9
16251,6
16252,6
16254,6
16255,6
16277,6
16277,9
16278,6
16278,9
16280,6
16280,9
16281,6
16281,9
16352,6
16352,9
16353,6
16353,9
16355,6
16355,9
16356,6
16356,9
16475,9
16476,9
16478,9
16479,9
16501,6
16502,6
16504,6
16505,6
16569,9
16570,9
16572,9
16573,9
16622,6
16622,9
16623,6
16623,9
16625,6
16625,9
16626,6
16626,9
16701,6
16701,9
16702,6
16702,9
16704,6
16704,9
16705,6
16705,9
16754,6
16755,6
16757,6
16758,6
16779,6
16780,6
16782,6
16783,6
16824,6
16824,9
16827,6
16827,9
16911,3
16912,3
16913,3
16914,3
16915,3
16916,3
16917,3
16918,3
16919,3
16920,3
16921,3
16922,3
16923,3
16924,3
16925,3
16925,6
16925,9
16926,3
16926,6
16926,9
16927,3
16928,3
16928,6
16928,9
16929,3
16929,6
16929,9
16930,3
16931,3
16932,3
16933,3
16934,3
16949,9
16950,9
16952,9
16953,9
17000,6
17000,9
17001,6
17001,9
17003,6
17003,9
17004,6
17004,9
17078,6
17079,6
17081,6
17082,6
17103,9
17104,9
17106,9
17107,9
17181,6
17182,6
17184,6
17185,6
17210,6
17210,9
17448,6
17448,9
17490,9
17491,9
17493,9
17494,9
17616,6
17616,9
17617,6
17617,9
17619,6
17619,9
17620,6
17620,9
17641,9
17642,9
17644,9
17645,9
17694,6
17694,9
17695,6
17695,9
17697,6
17697,9
17698,6
17698,9
17790,6
17790,9
17812,6
17812,9
17837,6
17837,9
17905,6
17905,9
17994,9
17995,9
17997,9
17998,9
18027,6
18027,9
18049,6
18049,9
18070,6
18070,9
18121,6
18121,9
18126,6
18126,9
18244,9
18245,9
18247,9
18248,9
18334,6
18335,6
18337,6
18338,6
18482,9
18483,9
18485,9
18486,9
18556,6
18557,6
18559,6
18560,6
18583,9
18584,9
18586,9
18587,9
18672,9
18673,9
18675,9
18676,9
18698,6
18699,6
18701,6
18702,6
18743,9
18744,9
18746,9
18747,9
18815,6
18816,6
18818,6
18819,6
18821,6
18821,9
18841,6
18841,9
18842,6
18842,9
18844,6
18844,9
18845,6
18845,9
18917,6
18917,9
18918,6
18918,9
18920,6
18920,9
18921,6
18921,9
19040,9
19041,9
19043,9
19044,9
19067,6
19068,6
19070,6
19071,6
19139,9
19140,9
19142,9
19143,9
19267,6
19267,9
19268,6
19268,9
19270,6
19270,9
19271,6
19271,9
19320,6
19321,6
19323,6
19324,6
19347,6
19348,6
19350,6
19351,6
19396,6
19396,9
19485,3
19486,3
19487,3
19488,3
19489,3
19490,3
19491,3
19492,3
19493,3
19494,3
19495,3
19496,3
19497,3
19498,3
19499,3
19499,6
19499,9
19500,3
19500,6
19500,9
19501,3
19502,3
19502,6
19502,9
19503,3
19503,6
19503,9
19504,3
19505,3
19506,3
19507,3
19508,3
19509,3
19524,9
19525,9
19527,9
19528,9
19571,6
19571,9
19572,6
19572,9
19574,6
19574,9
19575,6
19575,9
19651,6
19652,6
19654,6
19655,6
19676,9
19677,9
19679,9
19680,9
19753,6
19754,6
19756,6
19757,6
19781,6
19781,9
20028,6
20028,9
20070,9
20071,9
20073,9
20074,9
20160,6
20160,9
20161,6
20161,9
20163,6
20163,9
20164,6
20164,9
20183,9
20184,9
20186,9
20187,9
20234,6
20234,9
20235,6
20235,9
20237,6
20237,9
20238,6
20238,9
20277,6
20277,9
20278,6
20278,9
20280,6
20280,9
20281,6
20281,9
20283,6
20283,9
20329,6
20329,9
20352,6
20352,9
20379,6
20379,9
20448,6
20448,9
20538,9
20539,9
20541,9
20542,9
20570,6
20570,9
20592,6
20592,9
20638,6
20638,9
20656,9
20657,9
20659,9
20660,9
20705,6
20705,9
20706,6
20706,9
20708,6
20708,9
20709,6
20709,9
20754,6
20755,6
20757,6
20758,6
20880,9
20881,9
20883,9
20884,9
20954,6
20955,6
20957,6
20958,6
20982,9
20983,9
20985,9
20986,9
21031,9
21032,9
21034,9
21035,9
21056,6
21057,6
21059,6
21060,6
21102,9
21103,9
21105,9
21106,9
21152,6
21153,6
21155,6
21156,6
21158,6
21158,9
21178,6
21178,9
21179,6
21179,9
21181,6
21181,9
21182,6
21182,9
21252,6
21252,9
21253,6
21253,9
21255,6
21255,9
21256,6
21256,9
21279,6
21280,6
21282,6
21283,6
21377,9
21378,9
21380,9
21381,9
21403,6
21404,6
21406,6
21407,6
21454,9
21455,9
21457,9
21458,9
21532,6
21532,9
21533,6
21533,9
21535,6
21535,9
21536,6
21536,9
21586,6
21587,6
21589,6
21590,6
21613,6
21614,6
21616,6
21617,6
21703,3
21704,3
21705,3
21706,3
21707,3
21708,3
21709,3
21710,3
21711,3
21712,3
21713,3
21714,3
21715,3
21716,3
21717,3
21717,6
21717,9
21718,3
21718,6
21718,9
21719,3
21720,3
21720,6
21720,9
21721,3
21721,6
21721,9
21722,3
21723,3
21724,3
21725,3
21726,3
21727,3
21741,9
21742,9
21744,9
21745,9
21790,6
21790,9
21791,6
21791,9
21793,6
21793,9
21794,6
21794,9
21868,6
21869,6
21871,6
21872,6
21895,9
21896,9
21898,9
21899,9
21973,6
21974,6
21976,6
21977,6
22001,6
22001,9
22159,6
22160,6
22162,6
22163,6
22252,6
22252,9
22255,6
22255,9
22294,9
22295,9
22297,9
22298,9
22425,6
22425,9
22426,6
22426,9
22428,6
22428,9
22429,6
22429,9
22448,9
22449,9
22451,9
22452,9
22498,6
22498,9
22499,6
22499,9
22501,6
22501,9
22502,6
22502,9
22590,6
22590,9
22614,6
22614,9
22637,6
22637,9
22673,6
22673,9
22674,6
22674,9
22676,6
22676,9
22677,6
22677,9
22779,9
22780,9
22782,9
22783,9
22810,6
22810,9
22835,6
22835,9
22883,6
22883,9
23019,9
23020,9
23022,9
23023,9
23068,6
23068,9
23069,6
23069,9
23071,6
23071,9
23072,6
23072,9
23119,6
23120,6
23122,6
23123,6
23271,9
23272,9
23274,9
23275,9
23344,6
23345,6
23347,6
23348,6
23459,9
23460,9
23462,9
23463,9
23486,6
23487,6
23489,6
23490,6
23531,9
23532,9
23534,9
23535,9
23564,9
23568,9
23605,6
23606,6
23608,6
23609,6
23611,6
23611,9
23614,6
23614,9
23631,6
23631,9
23632,6
23632,9
23634,6
23634,9
23635,6
23635,9
23704,6
23704,9
23705,6
23705,9
23707,6
23707,9
23708,6
23708,9
23825,9
23826,9
23828,9
23829,9
23850,6
23851,6
23853,6
23854,6
23922,9
23923,9
23925,9
23926,9
24045,6
24045,9
24046,6
24046,9
24048,6
24048,9
24049,6
24049,9
24099,6
24100,6
24102,6
24103,6
24126,6
24127,6
24129,6
24130,6
24173,6
24173,9
24261,3
24262,3
24263,3
24264,3
24265,3
24266,3
24267,3
24268,3
24269,3
24270,3
24271,3
24272,3
24273,3
24274,3
24275,3
24275,6
24275,9
24276,3
24276,6
24276,9
24277,3
24278,3
24278,6
24278,9
24279,3
24279,6
24279,9
24280,3
24281,3
24282,3
24283,3
24284,3
24285,3
24300,9
24301,9
24303,9
24304,9
24350,6
24350,9
24351,6
24351,9
24353,6
24353,9
24354,6
24354,9
24432,6
24433,6
24435,6
24436,6
24459,9
24460,9
24462,9
24463,9
24536,6
24537,6
24539,6
24540,6
24563,6
24563,9
24710,6
24711,6
24713,6
24714,6
24837,9
24838,9
24840,9
24841,9
24968,6
24968,9
24969,6
24969,9
24971,6
24971,9
24972,6
24972,9
24993,9
24994,9
24996,9
24997,9
25042,6
25042,9
25043,6
25043,9
25045,6
25045,9
25046,6
25046,9
25332,9
25333,9
25335,9
25336,9
25616,6
25616,9
25617,6
25617,9
25619,6
25619,9
25620,6
25620,9
25659,6
25660,6
25662,6
25663,6
25805,9
25806,9
25808,9
25809,9
25876,6
25877,6
25879,6
25880,6
25903,9
25904,9
25906,9
25907,9
25994,9
25995,9
25997,9
25998,9
26017,6
26018,6
26020,6
26021,6
26058,9
26059,9
26061,9
26062,9
26103,6
26104,6
26106,6
26107,6
26128,6
26128,9
26129,6
26129,9
26131,6
26131,9
26132,6
26132,9
26200,6
26200,9
26201,6
26201,9
26203,6
26203,9
26204,6
26204,9
26315,9
26316,9
26318,9
26319,9
26339,6
26340,6
26342,6
26343,6
26408,9
26409,9
26411,9
26412,9
26530,6
26530,9
26531,6
26531,9
26533,6
26533,9
26534,6
26534,9
26581,6
26582,6
26584,6
26585,6
26607,6
26608,6
26610,6
26611,6
26737,3
26738,3
26739,3
26740,3
26741,3
26742,3
26743,3
26744,3
26745,3
26746,3
26747,3
26748,3
26749,3
26750,3
26751,3
26751,6
26751,9
26752,3
26752,6
26752,9
26753,3
26754,3
26754,6
26754,9
26755,3
26755,6
26755,9
26756,3
26757,3
26758,3
26759,3
26760,3
26761,3
26776,9
26777,9
26779,9
26780,9
26822,6
26822,9
26823,6
26823,9
26825,6
26825,9
26826,6
26826,9
26900,6
26901,6
26903,6
26904,6
26924,9
26925,9
26927,9
26928,9
26999,6
27000,6
27002,6
27003,6
27267,6
27267,9
27309,9
27310,9
27312,9
27313,9
27439,6
27439,9
27440,6
27440,9
27442,6
27442,9
27443,6
27443,9
27466,9
27467,9
27469,9
27470,9
27520,6
27520,9
27521,6
27521,9
27523,6
27523,9
27524,6
27524,9
27611,6
27611,9
27635,6
27635,9
27660,6
27660,9
27698,6
27698,9
27699,6
27699,9
27701,6
27701,9
27702,6
27702,9
27730,6
27730,9
27820,9
27821,9
27823,9
27824,9
27852,6
27852,9
27874,6
27874,9
27896,6
27896,9
27945,6
27945,9
27949,6
27949,9
28062,9
28063,9
28065,9
28066,9
28111,6
28111,9
28112,6
28112,9
28114,6
28114,9
28115,6
28115,9
28159,6
28160,6
28162,6
28163,6
28314,9
28315,9
28317,9
28318,9
28388,6
28389,6
28391,6
28392,6
28412,9
28413,9
28415,9
28416,9
28534,6
28535,6
28537,6
28538,6
28558,9
28559,9
28561,9
28562,9
28583,9
28584,9
28586,9
28587,9
28656,6
28657,6
28659,6
28660,6
28662,6
28662,9
28684,6
28684,9
28685,6
28685,9
28687,6
28687,9
28688,6
28688,9
28737,6
28738,6
28740,6
28741,6
28761,6
28761,9
28762,6
28762,9
28764,6
28764,9
28765,6
28765,9
28858,9
28859,9
28861,9
28862,9
28955,9
28956,9
28958,9
28959,9
29007,6
29007,9
29008,6
29008,9
29010,6
29010,9
29011,6
29011,9
29083,6
29083,9
29084,6
29084,9
29086,6
29086,9
29087,6
29087,9
29136,6
29137,6
29139,6
29140,6
29163,6
29164,6
29166,6
29167,6
29191,6
29191,9
29278,3
29279,3
29280,3
29281,3
29282,3
29283,3
29284,3
29285,3
29286,3
29287,3
29288,3
29289,3
29290,3
29291,3
29292,3
29292,6
29292,9
29293,3
29293,6
29293,9
29294,3
29295,3
29295,6
29295,9
29296,3
29296,6
29296,9
29297,3
29298,3
29299,3
29300,3
29301,3
29302,3
29317,9
29318,9
29320,9
29321,9
29343,6
29344,6
29346,6
29347,6
29370,6
29370,9
29371,6
29371,9
29373,6
29373,9
29374,6
29374,9
29452,6
29453,6
29455,6
29456,6
29480,9
29481,9
29483,9
29484,9
29555,6
29556,6
29558,6
29559,6
29585,6
29585,9
29794,6
29794,9
29798,6
29798,9
29835,9
29836,9
29838,9
29839,9
29967,6
29967,9
29968,6
29968,9
29970,6
29970,9
29971,6
29971,9
29992,9
29993,9
29995,9
29996,9
30042,6
30042,9
30043,6
30043,9
30045,6
30045,9
30046,6
30046,9
30143,6
30143,9
30167,6
30167,9
30189,6
30189,9
30227,9
30228,9
30230,9
30231,9
30259,6
30259,9
30348,9
30349,9
30351,9
30352,9
30380,6
30380,9
30384,6
30384,9
30404,6
30404,9
30424,6
30424,9
30429,6
30429,9
30474,6
30474,9
30566,6
30566,9
30567,6
30567,9
30591,9
30592,9
30594,9
30595,9
30638,6
30638,9
30639,6
30639,9
30641,6
30641,9
30642,6
30642,9
30684,6
30685,6
30687,6
30688,6
30832,9
30833,9
30835,9
30836,9
30905,6
30906,6
30908,6
30909,6
30933,9
30934,9
30936,9
30937,9
31026,9
31027,9
31029,9
31030,9
31053,6
31054,6
31056,6
31057,6
31100,9
31101,9
31103,9
31104,9
31149,6
31150,6
31152,6
31153,6
31155,6
31155,9
31173,6
31173,9
31174,6
31174,9
31176,6
31176,9
31177,6
31177,9
31227,6
31228,6
31230,6
31231,6
31252,6
31252,9
31253,6
31253,9
31255,6
31255,9
31256,6
31256,9
31371,9
31372,9
31374,9
31375,9
31397,6
31398,6
31400,6
31401,6
31468,9
31469,9
31471,9
31472,9
31598,6
31598,9
31599,6
31599,9
31601,6
31601,9
31602,6
31602,9
31651,6
31652,6
31654,6
31655,6
31678,6
31679,6
31681,6
31682,6
31727,6
31727,9
31812,3
31813,3
31814,3
31815,3
31816,3
31817,3
31818,3
31819,3
31820,3
31821,3
31822,3
31823,3
31824,3
31825,3
31826,3
31826,6
31826,9
31827,3
31827,6
31827,9
31828,3
31829,3
31829,6
31829,9
31830,3
31830,6
31830,9
31831,3
31832,3
31833,3
31834,3
31835,3
31850,9
31851,9
31853,9
31854,9
31877,6
31878,6
31880,6
31881,6
31902,6
31902,9
31903,6
31903,9
31905,6
31905,9
31906,6
31906,9
31983,6
31984,6
31986,6
31987,6
32010,9
32011,9
32013,9
32014,9
32086,6
32087,6
32089,6
32090,6
32114,6
32114,9
32351,9
32352,9
32354,9
32355,9
32426,6
32427,6
32429,6
32430,6
32541,9
32542,9
32544,9
32545,9
32569,6
32569,9
32570,6
32570,9
32572,6
32572,9
32573,6
32573,9
32622,6
32623,6
32625,6
32626,6
32664,6
32665,6
32667,6
32668,6
32718,6
32719,6
32721,6
32722,6
32835,6
32835,9
32836,6
32836,9
32838,6
32838,9
32839,6
32839,9
32883,6
32883,9
32924,9
32925,9
32927,9
32928,9
33056,6
33056,9
33057,6
33057,9
33059,6
33059,9
33060,6
33060,9
33080,9
33081,9
33083,9
33084,9
33132,6
33132,9
33133,6
33133,9
33135,6
33135,9
33136,6
33136,9
33224,6
33224,9
33247,6
33247,9
33273,6
33273,9
33340,6
33340,9
33435,9
33436,9
33438,9
33439,9
33466,6
33466,9
33488,6
33488,9
33510,6
33510,9
33558,6
33558,9
33698,6
33698,9
33699,6
33699,9
33701,6
33701,9
33702,6
33702,9
33745,6
33746,6
33748,6
33749,6
33900,9
33901,9
33903,9
33904,9
33970,6
33971,6
33973,6
33974,6
33998,9
33999,9
34001,9
34002,9
34094,9
34095,9
34097,9
34098,9
34121,6
34122,6
34124,6
34125,6
34166,9
34167,9
34169,9
34170,9
34247,6
34248,6
34250,6
34251,6
34253,6
34253,9
34274,6
34274,9
34275,6
34275,9
34277,6
34277,9
34278,6
34278,9
34339,6
34339,9
34340,6
34340,9
34342,6
34342,9
34343,6
34343,9
34464,9
34465,9
34467,9
34468,9
34490,6
34491,6
34493,6
34494,6
34560,9
34561,9
34563,9
34564,9
34684,6
34684,9
34685,6
34685,9
34687,6
34687,9
34688,6
34688,9
34739,6
34740,6
34742,6
34743,6
34764,6
34765,6
34767,6
34768,6
34812,6
34812,9
34816,6
34816,9
34900,3
34901,3
34902,3
34903,3
34904,3
34905,3
34906,3
34907,3
34908,3
34909,3
34910,3
34911,3
34912,3
34913,3
34914,3
34914,6
34914,9
34915,3
34915,6
34915,9
34916,3
34917,3
34917,6
34917,9
34918,3
34918,6
34918,9
34919,3
34920,3
34921,3
34922,3
34923,3
34924,3
34925,3
34940,9
34941,9
34943,9
34944,9
34990,6
34990,9
34991,6
34991,9
34993,6
34993,9
34994,6
34994,9
35070,6
35071,6
35073,6
35074,6
35096,9
35097,9
35099,9
35100,9
35173,6
35174,6
35176,6
35177,6
35200,6
35200,9
35437,9
35438,9
35440,9
35441,9
35562,6
35562,9
35563,6
35563,9
35565,6
35565,9
35566,6
35566,9
35586,9
35587,9
35589,9
35590,9
35640,6
35640,9
35641,6
35641,9
35643,6
35643,9
35644,6
35644,9
35923,9
35924,9
35926,9
35927,9
36114,9
36115,9
36117,9
36118,9
36159,6
36159,9
36160,6
36160,9
36162,6
36162,9
36163,6
36163,9
36186,6
36187,6
36189,6
36190,6
36332,9
36333,9
36335,9
36336,9
36407,6
36408,6
36410,6
36411,6
36431,9
36432,9
36434,9
36435,9
36500,9
36501,9
36503,9
36504,9
36527,6
36528,6
36530,6
36531,6
36571,9
36572,9
36574,9
36575,9
36623,6
36624,6
36626,6
36627,6
36648,6
36648,9
36649,6
36649,9
36651,6
36651,9
36652,6
36652,9
36719,6
36719,9
36720,6
36720,9
36722,6
36722,9
36723,6
36723,9
36746,6
36747,6
36749,6
36750,6
36844,9
36845,9
36847,9
36848,9
36868,6
36869,6
36871,6
36872,6
36937,9
36938,9
36940,9
36941,9
37030,6
37030,9
37031,6
37031,9
37033,6
37033,9
37034,6
37034,9
37081,6
37082,6
37084,6
37085,6
37108,6
37109,6
37111,6
37112,6
37243,3
37244,3
37245,3
37246,3
37247,3
37248,3
37249,3
37250,3
37251,3
37252,3
37253,3
37254,3
37255,3
37256,3
37256,6
37256,9
37257,3
37257,6
37257,9
37258,3
37259,3
37259,6
37259,9
37260,3
37260,6
37260,9
37261,3
37262,3
37263,3
37264,3
37265,3
37266,3
37267,3
37281,9
37282,9
37284,9
37285,9
37306,6
37307,6
37309,6
37310,6
37333,6
37333,9
37334,6
37334,9
37336,6
37336,9
37337,6
37337,9
37412,6
37413,6
37415,6
37416,6
37439,9
37440,9
37442,9
37443,9
37510,6
37511,6
37513,6
37514,6
37767,6
37767,9
37810,9
37811,9
37813,9
37814,9
37945,6
37945,9
37946,6
37946,9
37948,6
37948,9
37949,6
37949,9
37969,9
37970,9
37972,9
37973,9
37975,9
37978,9
38020,6
38020,9
38021,6
38021,9
38023,6
38023,9
38024,6
38024,9
38111,6
38111,9
38115,6
38115,9
38135,6
38135,9
38160,6
38160,9
38223,6
38223,9
38316,9
38317,9
38319,9
38320,9
38348,6
38348,9
38370,6
38370,9
38426,6
38426,9
38522,9
38523,9
38525,9
38526,9
38571,6
38571,9
38572,6
38572,9
38574,6
38574,9
38575,6
38575,9
38618,6
38619,6
38621,6
38622,6
38773,9
38774,9
38776,9
38777,9
38846,6
38847,6
38849,6
38850,6
38875,9
38876,9
38878,9
38879,9
38968,9
38969,9
38971,9
38972,9
38994,6
38995,6
38997,6
38998,6
39039,9
39040,9
39042,9
39043,9
39074,9
39121,6
39122,6
39124,6
39125,6
39127,6
39127,9
39146,6
39146,9
39147,6
39147,9
39149,6
39149,9
39150,6
39150,9
39212,6
39212,9
39213,6
39213,9
39215,6
39215,9
39216,6
39216,9
39333,9
39334,9
39336,9
39337,9
39362,6
39363,6
39365,6
39366,6
39435,9
39436,9
39438,9
39439,9
39561,6
39561,9
39562,6
39562,9
39564,6
39564,9
39565,6
39565,9
39614,6
39615,6
39617,6
39618,6
39642,6
39643,6
39645,6
39646,6
39687,6
39687,9
39775,3
39776,3
39777,3
39778,3
39779,3
39780,3
39781,3
39782,3
39783,3
39784,3
39785,3
39786,3
39787,3
39788,3
39789,3
39789,6
39789,9
39790,3
39790,6
39790,9
39791,3
39792,3
39792,6
39792,9
39793,3
39793,6
39793,9
39794,3
39795,3
39796,3
39797,3
39798,3
39799,3
39800,3
39815,9
39816,9
39818,9
39819,9
39841,6
39842,6
39844,6
39845,6
39946,6
39947,6
39949,6
39950,6
39974,9
39975,9
39977,9
39978,9
40052,6
40053,6
40055,6
40056,6
40079,6
40079,9
40317,6
40317,9
40360,9
40361,9
40363,9
40364,9
40494,6
40494,9
40495,6
40495,9
40497,6
40497,9
40498,6
40498,9
40520,9
40521,9
40523,9
40524,9
40568,6
40568,9
40569,6
40569,9
40571,6
40571,9
40572,6
40572,9
40657,6
40657,9
40681,6
40681,9
40705,6
40705,9
40775,6
40775,9
40874,9
40875,9
40877,9
40878,9
40905,6
40905,9
40927,6
40927,9
40949,6
40949,9
40995,6
40995,9
41088,9
41089,9
41091,9
41092,9
41137,6
41137,9
41138,6
41138,9
41140,6
41140,9
41141,6
41141,9
41186,6
41187,6
41189,6
41190,6
41339,9
41340,9
41342,9
41343,9
41412,6
41413,6
41415,6
41416,6
41441,9
41442,9
41444,9
41445,9
41538,9
41539,9
41541,9
41542,9
41565,6
41566,6
41568,6
41569,6
41617,9
41665,6
41666,6
41668,6
41669,6
41671,6
41671,9
41676,6
41676,9
41692,6
41692,9
41693,6
41693,9
41695,6
41695,9
41696,6
41696,9
41756,9
41757,9
41759,9
41760,9
41881,9
41882,9
41884,9
41885,9
41907,6
41908,6
41910,6
41911,6
41978,9
41979,9
41981,9
41982,9
42107,6
42107,9
42108,6
42108,9
42110,6
42110,9
42111,6
42111,9
42159,6
42160,6
42162,6
42163,6
42186,6
42187,6
42189,6
42190,6
42234,6
42234,9
42238,6
42238,9
42325,3
42326,3
42327,3
42328,3
42329,3
42330,3
42331,3
42332,3
42333,3
42334,3
42335,3
42336,3
42337,3
42338,3
42339,3
42339,6
42339,9
42340,3
42340,6
42340,9
42341,3
42342,3
42342,6
42342,9
42343,3
42343,6
42343,9
42344,3
42345,3
42346,3
42347,3
42348,3
42349,3
42350,3
42365,9
42366,9
42368,9
42369,9
42415,6
42415,9
42416,6
42416,9
42418,6
42418,9
42419,6
42419,9
42495,6
42496,6
42498,6
42499,6
42521,9
42522,9
42524,9
42525,9
42596,6
42597,6
42599,6
42600,6
42625,6
42625,9
42857,6
42857,9
42896,9
42897,9
42899,9
42900,9
42972,6
42972,9
42973,6
42973,9
42975,6
42975,9
42976,6
42976,9
42997,9
42998,9
43000,9
43001,9
43048,6
43048,9
43049,6
43049,9
43051,6
43051,9
43052,6
43052,9
43134,6
43134,9
43158,6
43158,9
43185,6
43185,9
43254,6
43254,9
43352,9
43353,9
43355,9
43356,9
43385,6
43385,9
43407,6
43407,9
43428,6
43428,9
43476,6
43476,9
43481,6
43481,9
43580,9
43581,9
43583,9
43584,9
43629,6
43629,9
43630,6
43630,9
43632,6
43632,9
43633,6
43633,9
43678,6
43679,6
43681,6
43682,6
43828,9
43829,9
43831,9
43832,9
43902,6
43903,6
43905,6
43906,6
43927,9
43928,9
43930,9
43931,9
44023,9
44024,9
44026,9
44027,9
44050,6
44051,6
44053,6
44054,6
44102,9
44103,9
44105,9
44106,9
44185,6
44186,6
44188,6
44189,6
44191,6
44191,9
44195,6
44195,9
44210,6
44210,9
44211,6
44211,9
44213,6
44213,9
44214,6
44214,9
44279,6
44279,9
44280,6
44280,9
44282,6
44282,9
44283,6
44283,9
44377,9
44378,9
44380,9
44381,9
44403,6
44404,6
44406,6
44407,6
44472,9
44473,9
44475,9
44476,9
44526,6
44526,9
44527,6
44527,9
44529,6
44529,9
44530,6
44530,9
44606,6
44606,9
44607,6
44607,9
44609,6
44609,9
44610,6
44610,9
44658,6
44659,6
44661,6
44662,6
44683,6
44684,6
44686,6
44687,6
44729,6
44729,9
44819,3
44820,3
44821,3
44822,3
44823,3
44824,3
44825,3
44826,3
44827,3
44828,3
44829,3
44830,3
44831,3
44832,3
44833,3
44833,6
44833,9
44834,3
44834,6
44834,9
44835,3
44836,3
44836,6
44836,9
44837,3
44837,6
44837,9
44838,3
44839,3
44840,3
44841,3
44842,3
44843,3
44844,3
44845,3
44846,3
44861,9
44862,9
44864,9
44865,9
44909,6
44909,9
44910,6
44910,9
44912,6
44912,9
44913,6
44913,9
44989,6
44990,6
44992,6
44993,6
45016,9
45017,9
45019,9
45020,9
45095,6
45096,6
45098,6
45099,6
45123,6
45123,9
45358,6
45358,9
45399,9
45400,9
45402,9
45403,9
45476,6
45476,9
45477,6
45477,9
45479,6
45479,9
45480,6
45480,9
45500,9
45501,9
45503,9
45504,9
45549,6
45549,9
45550,6
45550,9
45552,6
45552,9
45553,6
45553,9
45641,6
45641,9
45644,6
45644,9
45664,6
45664,9
45689,6
45689,9
45754,6
45754,9
45850,9
45851,9
45853,9
45854,9
45882,6
45882,9
45905,6
45905,9
45927,6
45927,9
45976,6
45976,9
45980,6
45980,9
46071,9
46072,9
46074,9
46075,9
46117,6
46117,9
46118,6
46118,9
46120,6
46120,9
46121,6
46121,9
46162,6
46163,6
46165,6
46166,6
46313,9
46314,9
46316,9
46317,9
46385,6
46386,6
46388,6
46389,6
46413,9
46414,9
46416,9
46417,9
46506,9
46507,9
46509,9
46510,9
46532,6
46533,6
46535,6
46536,6
46580,9
46581,9
46583,9
46584,9
46614,9
46659,6
46660,6
46662,6
46663,6
46666,6
46666,9
46751,6
46751,9
46752,6
46752,9
46754,6
46754,9
46755,6
46755,9
46871,9
46872,9
46874,9
46875,9
46898,6
46899,6
46901,6
46902,6
46971,9
46972,9
46974,9
46975,9
47020,6
47020,9
47021,6
47021,9
47023,6
47023,9
47024,6
47024,9
47100,6
47100,9
47101,6
47101,9
47103,6
47103,9
47104,6
47104,9
47154,6
47155,6
47157,6
47158,6
47180,6
47181,6
47183,6
47184,6
47225,6
47225,9
47316,3
47317,3
47318,3
47319,3
47320,3
47321,3
47322,3
47323,3
47324,3
47325,3
47326,3
47327,3
47328,3
47329,3
47330,3
47330,6
47330,9
47331,3
47331,6
47331,9
47332,3
47333,3
47333,6
47333,9
47334,3
47334,6
47334,9
47335,3
47336,3
47337,3
47338,3
47339,3
47340,3
47355,9
47356,9
47358,9
47359,9
47403,6
47403,9
47404,6
47404,9
47406,6
47406,9
47407,6
47407,9
47482,6
47483,6
47485,6
47486,6
47508,9
47509,9
47511,9
47512,9
47584,6
47585,6
47587,6
47588,6
47614,6
47614,9
47695,6
47696,6
47697,6
47698,6
47862,6
47862,9
47901,9
47902,9
47904,9
47905,9
48036,9
48037,9
48039,9
48040,9
48087,6
48087,9
48088,6
48088,9
48090,6
48090,9
48091,6
48091,9
48178,6
48178,9
48202,6
48202,9
48205,6
48205,9
48226,6
48226,9
48298,6
48298,9
48393,9
48394,9
48396,9
48397,9
48425,6
48425,9
48448,6
48448,9
48451,6
48451,9
48498,6
48498,9
48503,6
48503,9
48519,9
48520,9
48522,9
48523,9
48566,6
48566,9
48567,6
48567,9
48569,6
48569,9
48570,6
48570,9
48594,6
48595,6
48597,6
48598,6
48716,9
48717,9
48719,9
48720,9
48788,6
48789,6
48791,6
48792,6
48814,9
48815,9
48817,9
48818,9
48887,9
48888,9
48890,9
48891,9
48914,6
48915,6
48917,6
48918,6
48965,9
48966,9
48968,9
48969,9
49017,6
49018,6
49020,6
49021,6
49023,6
49023,9
49041,6
49041,9
49042,6
49042,9
49044,6
49044,9
49045,6
49045,9
49115,6
49115,9
49116,6
49116,9
49118,6
49118,9
49119,6
49119,9
49141,6
49142,6
49144,6
49145,6
49240,9
49241,9
49243,9
49244,9
49266,6
49267,6
49269,6
49270,6
49340,9
49341,9
49343,9
49344,9
49415,6
49415,9
49416,6
49416,9
49418,6
49418,9
49419,6
49419,9
49468,6
49469,6
49471,6
49472,6
49515,6
49515,9
49599,6
49600,6
49602,6
49603,6
49613,3
49614,3
49615,3
49616,3
49617,3
49618,3
49619,3
49620,3
49621,3
49622,3
49623,3
49624,3
49625,3
49626,3
49627,3
49627,6
49627,9
49628,3
49628,6
49628,9
49629,3
49630,3
49630,6
49630,9
49631,3
49631,6
49631,9
49632,3
49633,3
49634,3
49635,3
49636,3
49637,3
49677,6
49678,6
49680,6
49681,6
49703,6
49703,9
49704,6
49704,9
49706,6
49706,9
49707,6
49707,9
49784,6
49785,6
49787,6
49788,6
49809,9
49810,9
49812,9
49813,9
49885,6
49886,6
49888,6
49889,6
49914,6
49914,9
50048,6
50048,9
50196,9
50197,9
50199,9
50200,9
50251,6
50251,9
50252,6
50252,9
50254,6
50254,9
50255,6
50255,9
50347,6
50347,9
50369,6
50369,9
50394,6
50394,9
50465,6
50465,9
50559,9
50560,9
50562,9
50563,9
50591,6
50591,9
50614,6
50614,9
50661,6
50661,9
50665,6
50665,9
50681,9
50682,9
50684,9
50685,9
50729,6
50729,9
50730,6
50730,9
50732,6
50732,9
50733,6
50733,9
50776,6
50777,6
50779,6
50780,6
50972,6
50973,6
50975,6
50976,6
51000,9
51001,9
51003,9
51004,9
51099,9
51100,9
51102,9
51103,9
51125,6
51126,6
51128,6
51129,6
51172,9
51173,9
51175,9
51176,9
51207,9
51252,6
51253,6
51255,6
51256,6
51258,6
51258,9
51277,6
51277,9
51278,6
51278,9
51280,6
51280,9
51281,6
51281,9
51322,6
51322,9
51323,6
51323,9
51325,6
51325,9
51326,6
51326,9
51441,9
51442,9
51444,9
51445,9
51467,6
51468,6
51470,6
51471,6
51542,9
51543,9
51545,9
51546,9
51595,6
51595,9
51596,6
51596,9
51598,6
51598,9
51599,6
51599,9
51673,6
51673,9
51674,6
51674,9
51676,6
51676,9
51677,6
51677,9
51723,6
51724,6
51726,6
51727,6
51750,6
51751,6
51753,6
51754,6
51796,6
51796,9
51800,6
51800,9
51877,6
51878,6
51880,6
51881,6
51890,3
51891,3
51892,3
51893,3
51894,3
51895,3
51896,3
51897,3
51898,3
51899,3
51900,3
51901,3
51902,3
51903,3
51904,3
51904,6
51904,9
51905,3
51905,6
51905,9
51906,3
51907,3
51907,6
51907,9
51908,3
51908,6
51908,9
51909,3
51910,3
51911,3
51912,3
51913,3
51928,9
51929,9
51931,9
51932,9
51953,6
51954,6
51956,6
51957,6
51981,6
51981,9
51982,6
51982,9
51984,6
51984,9
51985,6
51985,9
52060,6
52061,6
52063,6
52064,6
52088,9
52089,9
52091,9
52092,9
52162,6
52163,6
52165,6
52166,6
52193,6
52193,9
52322,6
52323,6
52325,6
52326,6
52382,9
52383,9
52385,9
52386,9
52516,6
52516,9
52517,6
52517,9
52519,6
52519,9
52520,6
52520,9
52542,9
52543,9
52545,9
52546,9
52593,6
52593,9
52594,6
52594,9
52596,6
52596,9
52597,6
52597,9
52874,9
52875,9
52877,9
52878,9
52949,6
52949,9
52953,6
52953,9
53090,9
53091,9
53093,9
53094,9
53138,6
53138,9
53139,6
53139,9
53141,6
53141,9
53142,6
53142,9
53183,6
53184,6
53186,6
53187,6
53331,9
53332,9
53334,9
53335,9
53404,6
53405,6
53407,6
53408,6
53430,9
53431,9
53433,9
53434,9
53475,6
53476,6
53478,6
53479,6
53522,9
53523,9
53525,9
53526,9
53546,6
53547,6
53549,6
53550,6
53590,9
53591,9
53593,9
53594,9
53623,9
53668,6
53669,6
53671,6
53672,6
53691,6
53691,9
53692,6
53692,9
53694,6
53694,9
53695,6
53695,9
53754,6
53754,9
53755,6
53755,9
53757,6
53757,9
53758,6
53758,9
53802,6
53803,6
53805,6
53806,6
53875,9
53876,9
53878,9
53879,9
53900,6
53901,6
53903,6
53904,6
53966,9
53967,9
53969,9
53970,9
54091,6
54091,9
54092,6
54092,9
54094,6
54094,9
54095,6
54095,9
54140,6
54141,6
54143,6
54144,6
54165,6
54166,6
54168,6
54169,6
54279,3
54280,3
54281,3
54282,3
54283,3
54284,3
54285,3
54286,3
54287,3
54288,3
54289,3
54290,3
54291,3
54292,3
54293,3
54293,6
54293,9
54294,3
54294,6
54294,9
54295,3
54296,3
54296,6
54296,9
54297,3
54297,6
54297,9
54298,3
54299,3
54300,3
54301,3
54316,9
54317,9
54319,9
54320,9
54365,6
54365,9
54366,6
54366,9
54368,6
54368,9
54369,6
54369,9
54443,6
54444,6
54446,6
54447,6
54469,9
54470,9
54472,9
54473,9
54544,6
54545,6
54547,6
54548,6
54789,6
54789,9
54832,9
54833,9
54835,9
54836,9
54956,6
54956,9
54957,6
54957,9
54959,6
54959,9
54960,6
54960,9
54983,9
54984,9
54986,9
54987,9
55035,6
55035,9
55036,6
55036,9
55038,6
55038,9
55039,6
55039,9
55122,6
55122,9
55146,6
55146,9
55170,6
55170,9
55235,6
55235,9
55331,9
55332,9
55334,9
55335,9
55363,6
55363,9
55387,6
55387,9
55407,6
55407,9
55455,6
55455,9
55550,9
55551,9
55553,9
55554,9
55595,6
55595,9
55596,6
55596,9
55598,6
55598,9
55599,6
55599,9
55641,6
55642,6
55644,6
55645,6
55793,9
55794,9
55796,9
55797,9
55864,6
55865,6
55867,6
55868,6
55892,9
55893,9
55895,9
55896,9
55984,9
55985,9
55987,9
55988,9
56010,6
56011,6
56013,6
56014,6
56061,9
56062,9
56064,9
56065,9
56096,9
56144,6
56145,6
56147,6
56148,6
56150,6
56150,9
56170,6
56170,9
56171,6
56171,9
56173,6
56173,9
56174,6
56174,9
56234,6
56234,9
56235,6
56235,9
56237,6
56237,9
56238,6
56238,9
56325,9
56326,9
56328,9
56329,9
56353,6
56354,6
56356,6
56357,6
56425,9
56426,9
56428,9
56429,9
56479,6
56479,9
56480,6
56480,9
56482,6
56482,9
56483,6
56483,9
56557,6
56557,9
56558,6
56558,9
56560,6
56560,9
56561,6
56561,9
56608,6
56609,6
56611,6
56612,6
56634,6
56635,6
56637,6
56638,6
56681,6
56681,9
56762,6
56763,6
56765,6
56766,6
56774,3
56775,3
56776,3
56777,3
56778,3
56779,3
56780,3
56781,3
56782,3
56783,3
56784,3
56785,3
56786,3
56787,3
56788,3
56788,6
56788,9
56789,3
56789,6
56789,9
56790,3
56791,3
56791,6
56791,9
56792,3
56792,6
56792,9
56793,3
56794,3
56795,3
56796,3
56797,3
56812,9
56813,9
56815,9
56816,9
56865,6
56865,9
56866,6
56866,9
56868,6
56868,9
56869,6
56869,9
56941,6
56942,6
56944,6
56945,6
56967,9
56968,9
56970,9
56971,9
57042,6
57043,6
57045,6
57046,6
57070,6
57070,9
57303,6
57303,9
57345,9
57346,9
57348,9
57349,9
57467,6
57467,9
57468,6
57468,9
57470,6
57470,9
57471,6
57471,9
57492,9
57493,9
57495,9
57496,9
57606,6
57606,9
57609,6
57609,9
57630,6
57630,9
57635,6
57635,9
57656,6
57656,9
57727,6
57727,9
57822,9
57823,9
57825,9
57826,9
57855,6
57855,9
57877,6
57877,9
57898,6
57898,9
57947,6
57947,9
58038,9
58039,9
58041,9
58042,9
58083,6
58083,9
58084,6
58084,9
58086,6
58086,9
58087,6
58087,9
58131,6
58132,6
58134,6
58135,6
58276,9
58277,9
58279,9
58280,9
58350,6
58351,6
58353,6
58354,6
58377,9
58378,9
58380,9
58381,9
58424,6
58425,6
58427,6
58428,6
58471,9
58472,9
58474,9
58475,9
58496,6
58497,6
58499,6
58500,6
58541,9
58542,9
58544,9
58545,9
58576,9
58621,6
58622,6
58624,6
58625,6
58627,6
58627,9
58647,6
58647,9
58648,6
58648,9
58650,6
58650,9
58651,6
58651,9
58717,6
58717,9
58718,6
58718,9
58720,6
58720,9
58721,6
58721,9
58833,9
58834,9
58836,9
58837,9
58860,6
58861,6
58863,6
58864,6
58933,9
58934,9
58936,9
58937,9
59063,6
59063,9
59064,6
59064,9
59066,6
59066,9
59067,6
59067,9
59115,6
59116,6
59118,6
59119,6
59141,6
59142,6
59144,6
59145,6
59188,6
59188,9
59265,6
59266,6
59268,6
59269,6
59277,3
59278,3
59279,3
59280,3
59281,3
59282,3
59283,3
59284,3
59285,3
59286,3
59287,3
59288,3
59289,3
59290,3
59291,3
59291,6
59291,9
59292,3
59292,6
59292,9
59293,3
59294,3
59294,6
59294,9
59295,3
59295,6
59295,9
59296,3
59297,3
59298,3
59299,3
59300,3
59301,3
59302,3
59303,3
59318,9
59319,9
59321,9
59322,9
59365,6
59365,9
59366,6
59366,9
59368,6
59368,9
59369,6
59369,9
59444,6
59445,6
59447,6
59448,6
59471,9
59472,9
59474,9
59475,9
59550,6
59551,6
59553,6
59554,6
59578,6
59578,9
59583,6
59583,9
59833,6
59833,9
59872,9
59873,9
59875,9
59876,9
60003,6
60003,9
60004,6
60004,9
60006,6
60006,9
60007,6
60007,9
60028,9
60029,9
60031,9
60032,9
60080,6
60080,9
60081,6
60081,9
60083,6
60083,9
60084,6
60084,9
60174,6
60174,9
60196,6
60196,9
60222,6
60222,9
60290,6
60290,9
60293,6
60293,9
60381,9
60382,9
60384,9
60385,9
60411,6
60411,9
60432,6
60432,9
60453,6
60453,9
60500,6
60500,9
60593,9
60594,9
60596,9
60597,9
60638,6
60638,9
60639,6
60639,9
60641,6
60641,9
60642,6
60642,9
60687,6
60688,6
60690,6
60691,6
60879,6
60880,6
60882,6
60883,6
60907,9
60908,9
60910,9
60911,9
60955,6
60956,6
60958,6
60959,6
61006,9
61007,9
61009,9
61010,9
61032,6
61033,6
61035,6
61036,6
61080,9
61081,9
61083,9
61084,9
61114,9
61161,6
61162,6
61164,6
61165,6
61167,6
61167,9
61170,6
61170,9
61186,6
61186,9
61187,6
61187,9
61189,6
61189,9
61190,6
61190,9
61252,6
61252,9
61253,6
61253,9
61255,6
61255,9
61256,6
61256,9
61376,9
61377,9
61379,9
61380,9
61402,6
61403,6
61405,6
61406,6
61471,9
61472,9
61474,9
61475,9
61524,6
61524,9
61525,6
61525,9
61527,6
61527,9
61528,6
61528,9
61603,6
61603,9
61604,6
61604,9
61606,6
61606,9
61607,6
61607,9
61655,6
61656,6
61658,6
61659,6
61683,6
61684,6
61686,6
61687,6
61728,6
61728,9
61820,3
61821,3
61822,3
61823,3
61824,3
61825,3
61826,3
61827,3
61828,3
61829,3
61830,3
61831,3
61832,3
61833,3
61834,3
61834,6
61834,9
61835,3
61835,6
61835,9
61836,3
61837,3
61837,6
61837,9
61838,3
61838,6
61838,9
61839,3
61840,3
61841,3
61842,3
61843,3
61844,3
61845,3
61860,9
61861,9
61863,9
61864,9
61986,6
61987,6
61989,6
61990,6
62014,9
62015,9
62017,9
62018,9
62095,6
62095,9
62336,6
62336,9
62340,6
62340,9
62502,6
62502,9
62503,6
62503,9
62505,6
62505,9
62506,6
62506,9
62526,9
62527,9
62529,9
62530,9
62576,6
62576,9
62577,6
62577,9
62579,6
62579,9
62580,6
62580,9
62670,6
62670,9
62694,6
62694,9
62718,6
62718,9
62735,6
62735,9
62736,6
62736,9
62738,6
62738,9
62739,6
62739,9
62789,6
62789,9
62855,9
62856,9
62858,9
62859,9
62886,6
62886,9
62906,6
62906,9
62927,6
62927,9
62973,6
62973,9
63071,9
63072,9
63074,9
63075,9
63116,6
63116,9
63117,6
63117,9
63119,6
63119,9
63120,6
63120,9
63164,6
63165,6
63167,6
63168,6
63312,9
63313,9
63315,9
63316,9
63386,6
63387,6
63389,6
63390,6
63503,9
63504,9
63506,9
63507,9
63532,6
63533,6
63535,6
63536,6
63579,9
63580,9
63582,9
63583,9
63661,6
63662,6
63664,6
63665,6
63667,6
63667,9
63670,6
63670,9
63726,6
63726,9
63727,6
63727,9
63729,6
63729,9
63730,6
63730,9
63845,9
63846,9
63848,9
63849,9
63869,6
63870,6
63872,6
63873,6
63938,9
63939,9
63941,9
63942,9
64065,6
64066,6
64068,6
64069,6
64091,6
64092,6
64094,6
64095,6
64136,6
64136,9
64225,3
64226,3
64227,3
64228,3
64229,3
64230,3
64231,3
64232,3
64233,3
64234,3
64235,3
64236,3
64237,3
64238,3
64239,3
64239,6
64239,9
64240,3
64240,6
64240,9
64241,3
64242,3
64242,6
64242,9
64243,3
64243,6
64243,9
64244,3
64245,3
64246,3
64247,3
64248,3
64308,6
64308,9
64309,6
64309,9
64311,6
64311,9
64312,6
64312,9
64389,6
64390,6
64392,6
64393,6
64418,9
64419,9
64421,9
64422,9
64493,6
64494,6
64496,6
64497,6
64521,6
64521,9
64763,6
64763,9
64803,9
64804,9
64806,9
64807,9
64928,6
64928,9
64929,6
64929,9
64931,6
64931,9
64932,6
64932,9
64955,9
64956,9
64958,9
64959,9
65005,6
65005,9
65006,6
65006,9
65008,6
65008,9
65009,6
65009,9
65094,6
65094,9
65098,6
65098,9
65118,6
65118,9
65142,6
65142,9
65159,6
65159,9
65160,6
65160,9
65162,6
65162,9
65163,6
65163,9
65213,6
65213,9
65303,9
65304,9
65306,9
65307,9
65335,6
65335,9
65357,6
65357,9
65401,6
65402,6
65404,6
65405,6
65407,6
65407,9
65427,9
65428,9
65430,9
65431,9
65452,6
65453,6
65455,6
65456,6
65479,6
65479,9
65480,6
65480,9
65482,6
65482,9
65483,6
65483,9
65505,6
65506,6
65508,6
65509,6
65628,9
65629,9
65631,9
65632,9
65701,6
65702,6
65704,6
65705,6
65728,9
65729,9
65731,9
65732,9
65802,9
65803,9
65805,9
65806,9
65827,6
65828,6
65830,6
65831,6
65851,6
65852,6
65854,6
65855,6
65876,9
65877,9
65879,9
65880,9
65928,6
65929,6
65931,6
65932,6
65934,6
65934,9
65955,6
65955,9
65956,6
65956,9
65958,6
65958,9
65959,6
65959,9
66007,6
66008,6
66010,6
66011,6
66033,6
66033,9
66034,6
66034,9
66036,6
66036,9
66037,6
66037,9
66060,6
66061,6
66063,6
66064,6
66155,9
66156,9
66158,9
66159,9
66181,6
66182,6
66184,6
66185,6
66248,9
66249,9
66251,9
66252,9
66367,6
66368,6
66370,6
66371,6
66414,6
66414,9
66497,6
66498,6
66500,6
66501,6
66510,3
66511,3
66512,3
66513,3
66514,3
66515,3
66516,3
66517,3
66518,3
66519,3
66520,3
66520,6
66520,9
66521,3
66521,6
66521,9
66522,3
66523,3
66523,6
66523,9
66524,3
66524,6
66524,9
66525,3
66526,3
66527,3
66528,3
66529,3
66530,3
66531,3
66546,9
66547,9
66549,9
66550,9
66572,6
66573,6
66575,6
66576,6
66596,6
66596,9
66597,6
66597,9
66599,6
66599,9
66600,6
66600,9
66675,6
66676,6
66678,6
66679,6
66701,9
66702,9
66704,9
66705,9
66777,6
66778,6
66780,6
66781,6
66805,6
66805,9
67058,9
67059,9
67061,9
67062,9
67184,6
67184,9
67185,6
67185,9
67187,6
67187,9
67188,6
67188,9
67208,9
67209,9
67211,9
67212,9
67258,6
67258,9
67259,6
67259,9
67261,6
67261,9
67262,6
67262,9
67545,9
67546,9
67548,9
67549,9
67741,9
67742,9
67744,9
67745,9
67788,6
67788,9
67789,6
67789,9
67791,6
67791,9
67792,6
67792,9
67833,6
67834,6
67836,6
67837,6
67973,9
67974,9
67976,9
67977,9
68041,6
68042,6
68044,6
68045,6
68069,9
68070,9
68072,9
68073,9
68182,6
68183,6
68185,6
68186,6
68226,9
68227,9
68229,9
68230,9
68300,6
68301,6
68303,6
68304,6
68326,6
68326,9
68327,6
68327,9
68329,6
68329,9
68330,6
68330,9
68391,6
68391,9
68392,6
68392,9
68394,6
68394,9
68395,6
68395,9
68505,9
68506,9
68508,9
68509,9
68528,6
68529,6
68531,6
68532,6
68594,9
68595,9
68597,9
68598,9
68645,6
68645,9
68646,6
68646,9
68648,6
68648,9
68649,6
68649,9
68718,6
68718,9
68719,6
68719,9
68721,6
68721,9
68722,6
68722,9
68767,6
68768,6
68770,6
68771,6
68792,6
68793,6
68795,6
68796,6
68895,6
68896,6
68898,6
68899,6
68926,3
68927,3
68928,3
68929,3
68930,3
68931,3
68932,3
68933,3
68934,3
68935,3
68936,3
68937,3
68938,3
68939,3
68940,3
68940,6
68940,9
68941,3
68941,6
68941,9
68942,3
68943,3
68943,6
68943,9
68944,3
68944,6
68944,9
68945,3
68946,3
68947,3
68948,3
68949,3
68950,3
68951,3
68966,9
68967,9
68969,9
68970,9
68991,6
68992,6
68994,6
68995,6
69016,6
69016,9
69017,6
69017,9
69019,6
69019,9
69020,6
69020,9
69095,6
69096,6
69098,6
69099,6
69172,6
69173,6
69175,6
69176,6
69472,9
69473,9
69475,9
69476,9
69595,6
69595,9
69596,6
69596,9
69598,6
69598,9
69599,6
69599,9
69619,9
69620,9
69622,9
69623,9
69669,6
69669,9
69670,6
69670,9
69672,6
69672,9
69673,6
69673,9
69959,9
69960,9
69962,9
69963,9
70218,6
70218,9
70219,6
70219,9
70221,6
70221,9
70222,6
70222,9
70265,6
70266,6
70268,6
70269,6
70384,9
70385,9
70387,9
70388,9
70455,6
70456,6
70458,6
70459,6
70480,9
70481,9
70483,9
70484,9
70570,9
70571,9
70573,9
70574,9
70617,9
70618,9
70620,9
70621,9
70693,6
70694,6
70696,6
70697,6
70777,6
70777,9
70778,6
70778,9
70780,6
70780,9
70781,6
70781,9
70895,9
70896,9
70898,9
70899,9
71105,6
71105,9
71106,6
71106,9
71108,6
71108,9
71109,6
71109,9
71155,6
71156,6
71158,6
71159,6
71180,6
71181,6
71183,6
71184,6
71307,3
71308,3
71309,3
71310,3
71311,3
71312,3
71313,3
71314,3
71315,3
71316,3
71317,3
71318,3
71319,3
71320,3
71321,3
71321,6
71321,9
71322,3
71322,6
71322,9
71323,3
71324,3
71324,6
71324,9
71325,3
71325,6
71325,9
71326,3
71327,3
71328,3
71329,3
71330,3
71345,9
71346,9
71348,9
71349,9
71393,6
71393,9
71394,6
71394,9
71396,6
71396,9
71397,6
71397,9
71468,6
71469,6
71471,6
71472,6
71493,9
71494,9
71496,9
71497,9
71567,6
71568,6
71570,6
71571,6
71858,9
71859,9
71861,9
71862,9
71985,6
71985,9
71986,6
71986,9
71988,6
71988,9
71989,6
71989,9
72010,9
72011,9
72013,9
72014,9
72059,6
72059,9
72060,6
72060,9
72062,6
72062,9
72063,6
72063,9
72295,9
72296,9
72298,9
72299,9
72432,6
72433,6
72435,6
72436,6
72535,9
72536,9
72538,9
72539,9
72582,6
72582,9
72583,6
72583,9
72585,6
72585,9
72586,6
72586,9
72628,6
72629,6
72631,6
72632,6
72773,9
72774,9
72776,9
72777,9
72826,6
72827,6
72829,6
72830,6
72852,9
72853,9
72855,9
72856,9
72945,9
72946,9
72948,9
72949,9
72969,6
72970,6
72972,6
72973,6
73014,9
73015,9
73017,9
73018,9
73086,6
73087,6
73089,6
73090,6
73110,6
73110,9
73111,6
73111,9
73113,6
73113,9
73114,6
73114,9
73155,6
73155,9
73156,6
73156,9
73158,6
73158,9
73159,6
73159,9
73243,9
73244,9
73246,9
73247,9
73268,6
73269,6
73271,6
73272,6
73336,9
73337,9
73339,9
73340,9
73387,6
73387,9
73388,6
73388,9
73390,6
73390,9
73391,6
73391,9
73463,6
73463,9
73464,6
73464,9
73466,6
73466,9
73467,6
73467,9
73515,6
73516,6
73518,6
73519,6
73626,3
73627,3
73628,3
73629,3
73630,3
73631,3
73632,3
73633,3
73634,3
73635,3
73636,3
73637,3
73638,3
73639,3
73640,3
73640,6
73640,9
73641,3
73641,6
73641,9
73642,3
73643,3
73643,6
73643,9
73644,3
73644,6
73644,9
73645,3
73646,3
73647,3
73648,3
73649,3
73664,9
73665,9
73667,9
73668,9
73689,6
73690,6
73692,6
73693,6
73713,6
73713,9
73714,6
73714,9
73716,6
73716,9
73717,6
73717,9
73790,6
73791,6
73793,6
73794,6
73818,9
73819,9
73821,9
73822,9
73893,6
73894,6
73896,6
73897,6
